ramesh : 87.000000
suresh : 3.000000
samrat : 92.000000
rakshit : 39.000000
apurba : 95.000000
